

% Parameters
R1 = 1;
R2 = 2;
R3 = 10;
R4 = 0.1;
RO = 1000;
C1 = 0.25;
L1 = 0.2;
alpha = 100;

% V = [ V1; V2; V3; V4; V5; IL]
Vin=1;
G=zeros(6);
C=zeros(6);

%% V1
G(1,:)=[1 0 0 0 0 0]; % V1
C(1,:)=[0 0 0 0 0 0]; % V1

%% V2
G(2,:)=[(-1/R1) (1/R2+1/R1) 0 0 0 0]; 
C(2,:)=[-C1 +C1 0 0 0 0];

%% V3
G(3,:)=[0 0 1/R3 0 0 -1]; 
C(3,:)=[0 0 0 0 0 0]; 

%% V4
G(4,:)=[0 0 -1*alpha/R3 1 0 0]; 
C(4,:)=[0 0 0 0 0 0]; 

%% V5
G(5,:)=[0 0 0 -1/R4 (1/R4+1/RO) 0]; 
C(5,:)=[0 0 0 0 0 0];

%% V6
G(6,:)=[0 -1 1 0 0 0]; 
C(6,:)=[0 0 0 0 0 L1]; 